variable relative_importance scaled_importance   percentage
1                Sales_day_avg        1.303438e+06      1.000000e+00 6.789433e-01
2                        Store        4.667357e+05      3.580805e-01 2.431164e-01
3                          day        5.937005e+04      4.554882e-02 3.092507e-02
4                  day_of_year        2.316195e+04      1.776989e-02 1.206475e-02
5              Sales_month_avg        1.278515e+04      9.808796e-03 6.659617e-03
6                        month        7.617918e+03      5.844482e-03 3.968072e-03
7                        Open1        4.732239e+03      3.630584e-03 2.464961e-03
8                    DayOfWeek        3.727696e+03      2.859896e-03 1.941707e-03
9                          DAX        3.569545e+03      2.738562e-03 1.859329e-03
10                    ConsConf        3.540120e+03      2.715988e-03 1.844002e-03
11              Goog_trend_ALL        2.350459e+03      1.803277e-03 1.224323e-03
12                     weeknum        2.199397e+03      1.687382e-03 1.145637e-03
13                      Open-1        1.923440e+03      1.475667e-03 1.001894e-03
14                      Open-2        1.035733e+03      7.946161e-04 5.394993e-04
15                is_month_end        1.021297e+03      7.835414e-04 5.319802e-04
16                     Events6        9.219359e+02      7.073111e-04 4.802241e-04
17                StateHoliday        7.506954e+02      5.759350e-04 3.910272e-04
18                  CLeadIndic        7.262293e+02      5.571646e-04 3.782832e-04
19                       Merck        6.525259e+02      5.006192e-04 3.398921e-04
20                 Competition        6.423677e+02      4.928258e-04 3.346008e-04
21                    Events13        6.099025e+02      4.679184e-04 3.176901e-04
22                      Open-3        5.641046e+02      4.327822e-04 2.938346e-04
23                      Events        5.294259e+02      4.061766e-04 2.757709e-04
24                    Events10        4.831228e+02      3.706528e-04 2.516522e-04
25                       Open8        4.494465e+02      3.448162e-04 2.341107e-04
26                    Events-1        4.488865e+02      3.443866e-04 2.338190e-04
27                       Open4        4.328401e+02      3.320758e-04 2.254606e-04
28                        MSCI        4.324889e+02      3.318064e-04 2.252777e-04
29                     Events2        4.220692e+02      3.238124e-04 2.198502e-04
30                     BusConf        4.021834e+02      3.085559e-04 2.094920e-04
31                     Events1        3.779902e+02      2.899949e-04 1.968901e-04
32            Max_TemperatureC        3.751743e+02      2.878345e-04 1.954233e-04
33                     Events9        3.724525e+02      2.857463e-04 1.940055e-04
34                     Events3        3.507108e+02      2.690660e-04 1.826806e-04
35           Mean_TemperatureC        3.437452e+02      2.637220e-04 1.790523e-04
36                    Events-2        3.360491e+02      2.578175e-04 1.750435e-04
37                     Events4        3.349236e+02      2.569541e-04 1.744573e-04
38                    Events11        3.332157e+02      2.556438e-04 1.735676e-04
39                     Events7        3.315950e+02      2.544004e-04 1.727234e-04
40                     Events8        3.295940e+02      2.528652e-04 1.716811e-04
41                      Open11        3.285714e+02      2.520806e-04 1.711484e-04
42                  Goog_trend        3.154940e+02      2.420477e-04 1.643367e-04
43                    Events-3        3.008116e+02      2.307833e-04 1.566888e-04
44                    Events12        3.000776e+02      2.302202e-04 1.563064e-04
45                    Events14        2.868840e+02      2.200980e-04 1.494341e-04
46                     Events5        2.669600e+02      2.048122e-04 1.390559e-04
47   Max_Sea_Level_PressurehPa        2.551142e+02      1.957241e-04 1.328856e-04
48   Min_Sea_Level_PressurehPa        2.357802e+02      1.808910e-04 1.228148e-04
49              MeanDew_PointC        2.278908e+02      1.748383e-04 1.187053e-04
50          Mean_TemperatureC8        2.208621e+02      1.694458e-04 1.150441e-04
51                      Open-6        2.153783e+02      1.652387e-04 1.121877e-04
52            DaysBeforeRefurb        2.149527e+02      1.649121e-04 1.119660e-04
53  Mean_Sea_Level_PressurehPa        2.055006e+02      1.576605e-04 1.070425e-04
54         Mean_TemperatureC14        2.015738e+02      1.546478e-04 1.049971e-04
55             Precipitationmm        1.977174e+02      1.516892e-04 1.029883e-04
56         Mean_TemperatureC-3        1.899779e+02      1.457514e-04 9.895696e-05
57          Mean_TemperatureC1        1.864981e+02      1.430817e-04 9.714438e-05
58                  Dew_PointC        1.779825e+02      1.365485e-04 9.270869e-05
59          Mean_TemperatureC2        1.760773e+02      1.350868e-04 9.171630e-05
60         Mean_TemperatureC-2        1.759802e+02      1.350124e-04 9.166575e-05
61              is_quarter_end        1.680931e+02      1.289614e-04 8.755748e-05
62                Min_Humidity        1.571461e+02      1.205628e-04 8.185531e-05
63               SchoolHoliday        1.544196e+02      1.184710e-04 8.043511e-05
64         Mean_TemperatureC-1        1.540119e+02      1.181582e-04 8.022274e-05
65          Mean_TemperatureC9        1.523122e+02      1.168542e-04 7.933741e-05
66                        year        1.514602e+02      1.162006e-04 7.889362e-05
67         Mean_TemperatureC10        1.448357e+02      1.111182e-04 7.544299e-05
68         Mean_TemperatureC13        1.395937e+02      1.070966e-04 7.271252e-05
69          Mean_TemperatureC7        1.307193e+02      1.002881e-04 6.808995e-05
70          Mean_TemperatureC3        1.298033e+02      9.958538e-05 6.761283e-05
71          Mean_TemperatureC4        1.270494e+02      9.747255e-05 6.617834e-05
72               Mean_Humidity        1.225025e+02      9.398413e-05 6.380990e-05
73           Mean_VisibilityKm        1.182516e+02      9.072284e-05 6.159567e-05
74         Mean_Wind_SpeedKm_h        1.177991e+02      9.037573e-05 6.136000e-05
75                  CloudCover        1.106373e+02      8.488118e-05 5.762951e-05
76         Max_Wind_SpeedKm_h7        1.100048e+02      8.439589e-05 5.730003e-05
77               Min_DewpointC        1.066135e+02      8.179412e-05 5.553357e-05
78         Max_Wind_SpeedKm_h4        1.046953e+02      8.032242e-05 5.453437e-05
79         Max_Wind_SpeedKm_h1        1.027666e+02      7.884272e-05 5.352974e-05
80              WindDirDegrees        1.026256e+02      7.873459e-05 5.345633e-05
81                       Open7        1.024332e+02      7.858699e-05 5.335611e-05
82         Mean_TemperatureC11        1.014257e+02      7.781400e-05 5.283129e-05
83         Max_Wind_SpeedKm_h6        9.792773e+01      7.513036e-05 5.100925e-05
84         Max_Wind_SpeedKm_h5        9.761655e+01      7.489161e-05 5.084716e-05
85         Max_Wind_SpeedKm_h2        9.516956e+01      7.301428e-05 4.957256e-05
86         Max_Wind_SpeedKm_h3        9.215288e+01      7.069988e-05 4.800121e-05
87            Min_TemperatureC        9.070870e+01      6.959190e-05 4.724896e-05
88                      Open-8        8.967664e+01      6.880010e-05 4.671137e-05
89          Mean_TemperatureC5        8.783134e+01      6.738438e-05 4.575018e-05
90          Mean_TemperatureC6        8.758430e+01      6.719485e-05 4.562150e-05
91         Mean_TemperatureC12        8.625031e+01      6.617141e-05 4.492664e-05
92                      Open12        8.624290e+01      6.616573e-05 4.492278e-05
93            Min_VisibilitykM        8.621979e+01      6.614800e-05 4.491074e-05
94          Max_Wind_SpeedKm_h        8.275915e+01      6.349299e-05 4.310814e-05
95                       Open2        8.166812e+01      6.265595e-05 4.253984e-05
96                      Open-9        8.158283e+01      6.259052e-05 4.249541e-05
97               Sales_all_avg        7.944807e+01      6.095272e-05 4.138345e-05
98                 SP_POP_GROW        7.683706e+01      5.894955e-05 4.002340e-05
99                     Open-14        7.619229e+01      5.845488e-05 3.968755e-05
100       Max_Wind_SpeedKm_h-1        7.328590e+01      5.622509e-05 3.817365e-05
101       Max_Wind_SpeedKm_h-3        7.158496e+01      5.492013e-05 3.728765e-05
102       Max_Wind_SpeedKm_h-2        6.917908e+01      5.307433e-05 3.603446e-05
103                     Open14        6.476274e+01      4.968611e-05 3.373405e-05
104                    Open-13        6.140019e+01      4.710635e-05 3.198254e-05
105                    quarter        6.092232e+01      4.673973e-05 3.173363e-05
106   CompetitionOpenSinceYear        5.881218e+01      4.512082e-05 3.063448e-05
107                      Open6        5.879610e+01      4.510849e-05 3.062611e-05
108               Max_Humidity        5.595039e+01      4.292525e-05 2.914381e-05
109                    Open-10        5.511288e+01      4.228271e-05 2.870757e-05
110            Promo2SinceWeek        5.494242e+01      4.215194e-05 2.861878e-05
111                      Promo        5.406945e+01      4.148220e-05 2.816406e-05
112         Max_Gust_SpeedKm_h        5.276551e+01      4.048181e-05 2.748485e-05
113           Max_VisibilityKm        5.145951e+01      3.947984e-05 2.680458e-05
114                    Open-12        5.065107e+01      3.885960e-05 2.638347e-05
115                      Open5        4.962747e+01      3.807429e-05 2.585029e-05
116                     Open-4        4.863004e+01      3.730907e-05 2.533074e-05
117           Precipitationmm6        4.339279e+01      3.329104e-05 2.260273e-05
118           Precipitationmm1        4.175059e+01      3.203114e-05 2.174733e-05
119                      Open3        3.769104e+01      2.891664e-05 1.963276e-05
120                      Open9        3.619693e+01      2.777036e-05 1.885450e-05
121                     Open13        3.615087e+01      2.773502e-05 1.883051e-05
122             PromoFirstDate        3.578292e+01      2.745273e-05 1.863885e-05
123                     Open-5        3.562014e+01      2.732784e-05 1.855406e-05
124           Precipitationmm4        3.398882e+01      2.607629e-05 1.770432e-05
125                     Open-7        3.223877e+01      2.473365e-05 1.679274e-05
126           Precipitationmm2        2.944777e+01      2.259239e-05 1.533895e-05
127          Precipitationmm-1        2.861959e+01      2.195700e-05 1.490756e-05
128                      State        2.788910e+01      2.139658e-05 1.452706e-05
129                       HHDI        2.762467e+01      2.119370e-05 1.438932e-05
130            DayBeforeRefurb        2.744843e+01      2.105849e-05 1.429752e-05
131                 Assortment        2.639795e+01      2.025256e-05 1.375034e-05
132           Precipitationmm3        2.358257e+01      1.809259e-05 1.228384e-05
133  CompetitionOpenSinceMonth        2.097086e+01      1.608889e-05 1.092344e-05
134           Precipitationmm5        2.045749e+01      1.569503e-05 1.065604e-05
135           Precipitationmm7        2.018869e+01      1.548881e-05 1.051602e-05
136          Precipitationmm-2        1.783017e+01      1.367934e-05 9.287498e-06
137          Precipitationmm-3        1.575470e+01      1.208704e-05 8.206416e-06
138        CompetitionDistance        1.439201e+01      1.104158e-05 7.496607e-06
139                     Open10        1.253109e+01      9.613878e-06 6.527279e-06
140                    Open-11        1.144923e+01      8.783873e-06 5.963752e-06
141            Promo2SinceYear        5.615616e+00      4.308312e-06 2.925100e-06
142             is_month_start        5.066673e+00      3.887162e-06 2.639163e-06
143                  StoreType        5.056932e+00      3.879689e-06 2.634089e-06
144            PromoSecondDate        4.147964e+00      3.182327e-06 2.160620e-06
145           is_quarter_start        3.809860e+00      2.922932e-06 1.984505e-06
146                     Promo2        2.396186e+00      1.838359e-06 1.248141e-06
147              PromoInterval        7.244065e-01      5.557661e-07 3.773337e-07
148                SP_POP_TOTL        0.000000e+00      0.000000e+00 0.000000e+00
149                EN_POP_DNST        0.000000e+00      0.000000e+00 0.000000e+00
150             NY_GNP_ATLS_CD        0.000000e+00      0.000000e+00 0.000000e+00
151             NY_GNP_PCAP_CD        0.000000e+00      0.000000e+00 0.000000e+00
152          NY_GNP_MKTP_PP_CD        0.000000e+00      0.000000e+00 0.000000e+00
153          NY_GNP_PCAP_PP_CD        0.000000e+00      0.000000e+00 0.000000e+00
154                SP_ADO_TFRT        0.000000e+00      0.000000e+00 0.000000e+00
155                SH_DYN_MORT        0.000000e+00      0.000000e+00 0.000000e+00
156                SP_URB_GROW        0.000000e+00      0.000000e+00 0.000000e+00
157             NY_GDP_MKTP_CD        0.000000e+00      0.000000e+00 0.000000e+00
158          NY_GDP_MKTP_KD_ZG        0.000000e+00      0.000000e+00 0.000000e+00
159          NY_GDP_DEFL_KD_ZG        0.000000e+00      0.000000e+00 0.000000e+00
160             NV_AGR_TOTL_ZS        0.000000e+00      0.000000e+00 0.000000e+00
161             NV_IND_TOTL_ZS        0.000000e+00      0.000000e+00 0.000000e+00
162             NV_SRV_TETC_ZS        0.000000e+00      0.000000e+00 0.000000e+00
163             NE_EXP_GNFS_ZS        0.000000e+00      0.000000e+00 0.000000e+00
164             NE_IMP_GNFS_ZS        0.000000e+00      0.000000e+00 0.000000e+00
165             NE_GDI_TOTL_ZS        0.000000e+00      0.000000e+00 0.000000e+00
166          FS_AST_DOMS_GD_ZS        0.000000e+00      0.000000e+00 0.000000e+00
167          MS_MIL_XPND_GD_ZS        0.000000e+00      0.000000e+00 0.000000e+00
168             IT_CEL_SETS_P2        0.000000e+00      0.000000e+00 0.000000e+00
169             IT_NET_USER_P2        0.000000e+00      0.000000e+00 0.000000e+00
170          TG_VAL_TOTL_GD_ZS        0.000000e+00      0.000000e+00 0.000000e+00
171          BX_TRF_PWKR_CD_DT        0.000000e+00      0.000000e+00 0.000000e+00
172          BX_KLT_DINV_CD_WD        0.000000e+00      0.000000e+00 0.000000e+00
173                     HHDEBT        0.000000e+00      0.000000e+00 0.000000e+00
174                       HHFA        0.000000e+00      0.000000e+00 0.000000e+00
175                       HHFT        0.000000e+00      0.000000e+00 0.000000e+00
176              HHSAVFORECAST        0.000000e+00      0.000000e+00 0.000000e+00
177                      HHSAV        0.000000e+00      0.000000e+00 0.000000e+00