 variable relative_importance scaled_importance   percentage
1                Sales_day_avg        1.317168e+06      1.000000e+00 8.833546e-01
2                  day_of_year        2.752380e+04      2.089620e-02 1.845876e-02
3                          day        1.778774e+04      1.350454e-02 1.192930e-02
4              Sales_month_avg        1.092750e+04      8.296214e-03 7.328499e-03
5                      weeknum        9.615458e+03      7.300102e-03 6.448578e-03
6                        State        5.653552e+03      4.292204e-03 3.791538e-03
7                        Open1        5.403963e+03      4.102715e-03 3.624152e-03
8                 is_month_end        5.140932e+03      3.903020e-03 3.447751e-03
9                    DayOfWeek        4.991098e+03      3.789265e-03 3.347265e-03
10                    ConsConf        4.984289e+03      3.784096e-03 3.342698e-03
11                         DAX        4.241352e+03      3.220055e-03 2.844450e-03
12                       Open4        3.934550e+03      2.987130e-03 2.638695e-03
13               Sales_all_avg        2.889379e+03      2.193631e-03 1.937754e-03
14                      Open-1        2.644743e+03      2.007902e-03 1.773689e-03
15                      Open-3        2.545764e+03      1.932756e-03 1.707309e-03
16              is_quarter_end        2.239947e+03      1.700579e-03 1.502214e-03
17                       month        2.053716e+03      1.559191e-03 1.377319e-03
18                  Assortment        2.000267e+03      1.518613e-03 1.341473e-03
19         CompetitionDistance        1.879728e+03      1.427099e-03 1.260634e-03
20                       Promo        1.659360e+03      1.259794e-03 1.112845e-03
21    CompetitionOpenSinceYear        1.621817e+03      1.231291e-03 1.087667e-03
22                   StoreType        1.364198e+03      1.035706e-03 9.148952e-04
23             Promo2SinceYear        1.246729e+03      9.465226e-04 8.361150e-04
24   CompetitionOpenSinceMonth        1.226579e+03      9.312244e-04 8.226013e-04
25                     Events6        1.211125e+03      9.194922e-04 8.122376e-04
26                       Store        1.183928e+03      8.988442e-04 7.939981e-04
27               PromoInterval        1.176302e+03      8.930540e-04 7.888833e-04
28                        MSCI        1.136193e+03      8.626031e-04 7.619844e-04
29                  CLeadIndic        1.133960e+03      8.609080e-04 7.604870e-04
30                 Competition        1.053279e+03      7.996544e-04 7.063784e-04
31                    Events13        1.035190e+03      7.859215e-04 6.942473e-04
32               SchoolHoliday        1.032238e+03      7.836801e-04 6.922674e-04
33  Mean_Sea_Level_PressurehPa        9.992344e+02      7.586236e-04 6.701336e-04
34            Max_TemperatureC        9.553177e+02      7.252818e-04 6.406810e-04
35                       Open8        9.447180e+02      7.172345e-04 6.335723e-04
36                       Merck        8.467476e+02      6.428549e-04 5.678688e-04
37                    Events-1        8.305580e+02      6.305636e-04 5.570113e-04
38                      Events        7.673317e+02      5.825619e-04 5.146088e-04
39                     Events2        7.650831e+02      5.808548e-04 5.131007e-04
40                      Open-2        7.452432e+02      5.657922e-04 4.997952e-04
41                StateHoliday        7.399419e+02      5.617674e-04 4.962398e-04
42                    Events10        7.280021e+02      5.527027e-04 4.882324e-04
43                      Open11        7.238442e+02      5.495460e-04 4.854440e-04
44                     Events1        7.061168e+02      5.360872e-04 4.735551e-04
45         Mean_TemperatureC14        6.924232e+02      5.256910e-04 4.643716e-04
46                      Open-6        6.781989e+02      5.148918e-04 4.548321e-04
47                     Events4        6.556707e+02      4.977883e-04 4.397236e-04
48                    Events-2        6.473449e+02      4.914674e-04 4.341399e-04
49                     Events3        6.200533e+02      4.707474e-04 4.158369e-04
50                     quarter        6.045477e+02      4.589755e-04 4.054381e-04
51   Min_Sea_Level_PressurehPa        5.959053e+02      4.524142e-04 3.996421e-04
52                     Events9        5.952909e+02      4.519477e-04 3.992301e-04
53             Precipitationmm        5.919504e+02      4.494116e-04 3.969898e-04
54                     Events8        5.917964e+02      4.492947e-04 3.968865e-04
55                     Events7        5.825576e+02      4.422805e-04 3.906905e-04
56   Max_Sea_Level_PressurehPa        5.750464e+02      4.365780e-04 3.856532e-04
57                    Events14        5.740648e+02      4.358328e-04 3.849949e-04
58                     BusConf        5.704909e+02      4.331194e-04 3.825980e-04
59                    Events11        5.695402e+02      4.323977e-04 3.819605e-04
60             Promo2SinceWeek        5.642292e+02      4.283655e-04 3.783986e-04
61                    Events12        5.640261e+02      4.282113e-04 3.782625e-04
62                      Open20        5.501066e+02      4.176436e-04 3.689273e-04
63                    Events-3        5.405939e+02      4.104215e-04 3.625477e-04
64                     Events5        5.087017e+02      3.862087e-04 3.411593e-04
65                Min_Humidity        4.956785e+02      3.763215e-04 3.324253e-04
66                     Open-15        4.925086e+02      3.739149e-04 3.302995e-04
67         Mean_TemperatureC-3        4.746256e+02      3.603380e-04 3.183062e-04
68          Mean_TemperatureC3        4.686475e+02      3.557995e-04 3.142971e-04
69          Mean_TemperatureC1        4.455577e+02      3.382696e-04 2.988120e-04
70          Mean_TemperatureC8        4.296065e+02      3.261593e-04 2.881143e-04
71          Mean_TemperatureC2        4.096644e+02      3.110192e-04 2.747402e-04
72              PromoFirstDate        3.957096e+02      3.004247e-04 2.653815e-04
73         Mean_TemperatureC13        3.801490e+02      2.886109e-04 2.549458e-04
74           Mean_TemperatureC        3.709828e+02      2.816519e-04 2.487985e-04
75         Max_Wind_SpeedKm_h1        3.553594e+02      2.697906e-04 2.383207e-04
76         Mean_Wind_SpeedKm_h        3.487715e+02      2.647890e-04 2.339026e-04
77          Mean_TemperatureC4        3.400648e+02      2.581789e-04 2.280635e-04
78                     Open-10        3.249176e+02      2.466790e-04 2.179050e-04
79          Mean_TemperatureC9        3.237267e+02      2.457748e-04 2.171063e-04
80              MeanDew_PointC        3.215509e+02      2.441230e-04 2.156472e-04
81                      Open15        3.115906e+02      2.365611e-04 2.089673e-04
82         Mean_TemperatureC-2        3.108096e+02      2.359682e-04 2.084436e-04
83                      Open12        3.091157e+02      2.346821e-04 2.073075e-04
84                       Open7        3.059565e+02      2.322837e-04 2.051888e-04
85         Max_Wind_SpeedKm_h2        3.027754e+02      2.298686e-04 2.030554e-04
86                  Dew_PointC        2.897379e+02      2.199704e-04 1.943119e-04
87          Mean_TemperatureC7        2.883578e+02      2.189227e-04 1.933863e-04
88         Mean_TemperatureC12        2.871717e+02      2.180222e-04 1.925909e-04
89               Mean_Humidity        2.714121e+02      2.060574e-04 1.820217e-04
90              WindDirDegrees        2.688009e+02      2.040749e-04 1.802705e-04
91         Mean_TemperatureC-1        2.679792e+02      2.034511e-04 1.797195e-04
92            Min_TemperatureC        2.654853e+02      2.015577e-04 1.780469e-04
93                       Open5        2.459842e+02      1.867524e-04 1.649686e-04
94                  CloudCover        2.417408e+02      1.835308e-04 1.621228e-04
95          Mean_TemperatureC5        2.414224e+02      1.832890e-04 1.619092e-04
96         Mean_TemperatureC11        2.404561e+02      1.825554e-04 1.612612e-04
97          Mean_TemperatureC6        2.376349e+02      1.804136e-04 1.593691e-04
98         Mean_TemperatureC10        2.319683e+02      1.761115e-04 1.555689e-04
99           Mean_VisibilityKm        2.151312e+02      1.633287e-04 1.442771e-04
100        Max_Wind_SpeedKm_h8        2.137355e+02      1.622690e-04 1.433411e-04
101              Min_DewpointC        2.123309e+02      1.612026e-04 1.423991e-04
102       Max_Wind_SpeedKm_h13        1.999917e+02      1.518346e-04 1.341238e-04
103                     Open-8        1.945267e+02      1.476856e-04 1.304587e-04
104        Max_Wind_SpeedKm_h6        1.930448e+02      1.465606e-04 1.294649e-04
105        Max_Wind_SpeedKm_h7        1.892435e+02      1.436746e-04 1.269156e-04
106                      Open2        1.884907e+02      1.431030e-04 1.264107e-04
107       Max_Wind_SpeedKm_h-2        1.877254e+02      1.425220e-04 1.258975e-04
108       Max_Wind_SpeedKm_h11        1.850525e+02      1.404927e-04 1.241049e-04
109           Min_VisibilitykM        1.848654e+02      1.403507e-04 1.239794e-04
110        Max_Wind_SpeedKm_h3        1.809993e+02      1.374155e-04 1.213866e-04
111                      Open3        1.759894e+02      1.336120e-04 1.180268e-04
112         Max_Wind_SpeedKm_h        1.750037e+02      1.328637e-04 1.173657e-04
113       Max_Wind_SpeedKm_h14        1.733551e+02      1.316120e-04 1.162601e-04
114        Max_Wind_SpeedKm_h4        1.728751e+02      1.312476e-04 1.159382e-04
115                      Open6        1.700118e+02      1.290738e-04 1.140179e-04
116                    Open-13        1.699908e+02      1.290579e-04 1.140039e-04
117       Max_Wind_SpeedKm_h10        1.699075e+02      1.289946e-04 1.139480e-04
118        Max_Wind_SpeedKm_h9        1.694415e+02      1.286408e-04 1.136354e-04
119                     Open-4        1.601513e+02      1.215877e-04 1.074050e-04
120        Max_Wind_SpeedKm_h5        1.600604e+02      1.215186e-04 1.073440e-04
121                     Open10        1.597652e+02      1.212945e-04 1.071461e-04
122       Max_Wind_SpeedKm_h12        1.594682e+02      1.210690e-04 1.069469e-04
123       Max_Wind_SpeedKm_h-3        1.593279e+02      1.209625e-04 1.068528e-04
124         Max_Gust_SpeedKm_h        1.543893e+02      1.172131e-04 1.035407e-04
125                     Open-5        1.481330e+02      1.124633e-04 9.934496e-05
126       Max_Wind_SpeedKm_h-1        1.474989e+02      1.119819e-04 9.891971e-05
127                     Open14        1.452143e+02      1.102474e-04 9.738756e-05
128                    Open-19        1.431433e+02      1.086751e-04 9.599864e-05
129                    Open-17        1.365739e+02      1.036876e-04 9.159291e-05
130                       year        1.354507e+02      1.028348e-04 9.083963e-05
131                    Open-21        1.328424e+02      1.008546e-04 8.909036e-05
132           Precipitationmm4        1.304368e+02      9.902828e-05 8.747708e-05
133                    Open-12        1.296464e+02      9.842819e-05 8.694699e-05
134           Max_VisibilityKm        1.256950e+02      9.542825e-05 8.429698e-05
135                    Open-14        1.241031e+02      9.421964e-05 8.322935e-05
136                     Open16        1.214402e+02      9.219796e-05 8.144349e-05
137               Max_Humidity        1.209378e+02      9.181657e-05 8.110659e-05
138           Precipitationmm1        1.074014e+02      8.153966e-05 7.202843e-05
139                      Open9        1.065601e+02      8.090094e-05 7.146421e-05
140                     Promo2        1.017890e+02      7.727869e-05 6.826449e-05
141                     Open-9        9.776601e+01      7.422443e-05 6.556649e-05
142           Precipitationmm2        8.526437e+01      6.473312e-05 5.718230e-05
143           Precipitationmm6        8.242052e+01      6.257406e-05 5.527508e-05
144          Precipitationmm-1        7.936115e+01      6.025136e-05 5.322332e-05
145           Precipitationmm5        7.140285e+01      5.420939e-05 4.788611e-05
146                    Open-20        7.045186e+01      5.348739e-05 4.724833e-05
147                     Open17        6.920829e+01      5.254327e-05 4.641434e-05
148           Precipitationmm3        6.884788e+01      5.226964e-05 4.617263e-05
149                    Open-18        6.863100e+01      5.210499e-05 4.602718e-05
150                     Open13        6.799184e+01      5.161974e-05 4.559853e-05
151                     Open21        6.797241e+01      5.160498e-05 4.558550e-05
152                    Open-16        6.646044e+01      5.045709e-05 4.457150e-05
153          Precipitationmm12        6.517989e+01      4.948489e-05 4.371270e-05
154                     Open19        6.405619e+01      4.863177e-05 4.295909e-05
155          Precipitationmm10        6.332383e+01      4.807576e-05 4.246794e-05
156          Precipitationmm11        6.117264e+01      4.644256e-05 4.102525e-05
157           Precipitationmm7        5.678186e+01      4.310906e-05 3.808059e-05
158          Precipitationmm13        5.605970e+01      4.256080e-05 3.759627e-05
159          Precipitationmm14        5.516505e+01      4.188157e-05 3.699628e-05
160           Precipitationmm8        5.424533e+01      4.118332e-05 3.637947e-05
161          Precipitationmm-2        4.818916e+01      3.658544e-05 3.231792e-05
162                     Open18        4.699588e+01      3.567950e-05 3.151765e-05
163          Precipitationmm-3        4.559586e+01      3.461660e-05 3.057873e-05
164           Precipitationmm9        4.462100e+01      3.387648e-05 2.992494e-05
165             is_month_start        4.417958e+01      3.354135e-05 2.962890e-05
166                    Open-11        4.170243e+01      3.166068e-05 2.796761e-05
167                     Open-7        3.530478e+01      2.680356e-05 2.367705e-05
168                SP_POP_GROW        2.577048e+01      1.956508e-05 1.728290e-05
169           is_quarter_start        2.148150e+01      1.630886e-05 1.440650e-05
170                       HHDI        1.305700e+01      9.912934e-06 8.756635e-06
171                SP_POP_TOTL        0.000000e+00      0.000000e+00 0.000000e+00
172                EN_POP_DNST        0.000000e+00      0.000000e+00 0.000000e+00
173             NY_GNP_ATLS_CD        0.000000e+00      0.000000e+00 0.000000e+00
174             NY_GNP_PCAP_CD        0.000000e+00      0.000000e+00 0.000000e+00
175          NY_GNP_MKTP_PP_CD        0.000000e+00      0.000000e+00 0.000000e+00
176          NY_GNP_PCAP_PP_CD        0.000000e+00      0.000000e+00 0.000000e+00
177                SP_ADO_TFRT        0.000000e+00      0.000000e+00 0.000000e+00
178                SH_DYN_MORT        0.000000e+00      0.000000e+00 0.000000e+00
179                SP_URB_GROW        0.000000e+00      0.000000e+00 0.000000e+00
180             NY_GDP_MKTP_CD        0.000000e+00      0.000000e+00 0.000000e+00
181          NY_GDP_MKTP_KD_ZG        0.000000e+00      0.000000e+00 0.000000e+00
182          NY_GDP_DEFL_KD_ZG        0.000000e+00      0.000000e+00 0.000000e+00
183             NV_AGR_TOTL_ZS        0.000000e+00      0.000000e+00 0.000000e+00
184             NV_IND_TOTL_ZS        0.000000e+00      0.000000e+00 0.000000e+00
185             NV_SRV_TETC_ZS        0.000000e+00      0.000000e+00 0.000000e+00
186             NE_EXP_GNFS_ZS        0.000000e+00      0.000000e+00 0.000000e+00
187             NE_IMP_GNFS_ZS        0.000000e+00      0.000000e+00 0.000000e+00
188             NE_GDI_TOTL_ZS        0.000000e+00      0.000000e+00 0.000000e+00
189          FS_AST_DOMS_GD_ZS        0.000000e+00      0.000000e+00 0.000000e+00
190          MS_MIL_XPND_GD_ZS        0.000000e+00      0.000000e+00 0.000000e+00
191             IT_CEL_SETS_P2        0.000000e+00      0.000000e+00 0.000000e+00
192             IT_NET_USER_P2        0.000000e+00      0.000000e+00 0.000000e+00
193          TG_VAL_TOTL_GD_ZS        0.000000e+00      0.000000e+00 0.000000e+00
194          BX_TRF_PWKR_CD_DT        0.000000e+00      0.000000e+00 0.000000e+00
195          BX_KLT_DINV_CD_WD        0.000000e+00      0.000000e+00 0.000000e+00
196                     HHDEBT        0.000000e+00      0.000000e+00 0.000000e+00
197                       HHFA        0.000000e+00      0.000000e+00 0.000000e+00
198                       HHFT        0.000000e+00      0.000000e+00 0.000000e+00
199              HHSAVFORECAST        0.000000e+00      0.000000e+00 0.000000e+00
200                      HHSAV        0.000000e+00      0.000000e+00 0.000000e+00